Name	Xpos(f)	Ypos(f)	XposEnd(f)	YposEnd(t)	Xpos(i)	Ypos(i)	XposEnd(i)	YposEnd(i)
p1_Chest_F_HVY_norm_set_01_diff	0.000977	0.003906	0.041016	0.324219	2	2	84	166
p1_Chest_M_HVY_norm_set_01_diff	0.042969	0.003906	0.083008	0.324219	88	2	170	166
p1_chestArmor_season_set_01_barb_F	0.084961	0.003906	0.125000	0.324219	174	2	256	166
p1_chestArmor_season_set_01_barb_M	0.126953	0.003906	0.166992	0.324219	260	2	342	166
p1_chestArmor_season_set_01_crusader	0.168945	0.003906	0.208984	0.324219	346	2	428	166
p1_chestArmor_season_set_01_crusader_F	0.210938	0.003906	0.250977	0.324219	432	2	514	166
p1_chestArmor_season_set_01_dh_F	0.252930	0.003906	0.292969	0.324219	518	2	600	166
p1_chestArmor_season_set_01_dh_M	0.294922	0.003906	0.334961	0.324219	604	2	686	166
p1_chestArmor_season_set_01_monk	0.336914	0.003906	0.376953	0.324219	690	2	772	166
p1_chestArmor_season_set_01_monk_F	0.378906	0.003906	0.418945	0.324219	776	2	858	166
p1_chestArmor_season_set_01_WD_F	0.420898	0.003906	0.460938	0.324219	862	2	944	166
p1_chestArmor_season_set_01_WD_M	0.462891	0.003906	0.502930	0.324219	948	2	1030	166
p1_chestArmor_season_set_01_wizard_F	0.504883	0.003906	0.544922	0.324219	1034	2	1116	166
p1_chestArmor_season_set_01_wizard_M	0.546875	0.003906	0.586914	0.324219	1120	2	1202	166
p2_chestArmor_season_set_02_wizard_F	0.588867	0.003906	0.628906	0.324219	1206	2	1288	166
p2_chestArmor_season_set_02_wizard_M	0.630859	0.003906	0.670898	0.324219	1292	2	1374	166
p2_chestArmor_season_set_05_demonhunter_M	0.465820	0.332031	0.497070	0.582031	954	170	1018	298
p2_chestArmor_norm_set_01_icon	0.432617	0.332031	0.463867	0.582031	886	170	950	298
p2_chestArmor_norm_set_01_barb_F_icon	0.399414	0.332031	0.430664	0.582031	818	170	882	298
p2_chestArmor_norm_set_03_Monk_M	0.366211	0.332031	0.397461	0.582031	750	170	814	298
p2_chestArmor_norm_set_03_Monk_F	0.333008	0.332031	0.364258	0.582031	682	170	746	298
p2_chestArmor_norm_set_11_barb_M_icon	0.299805	0.332031	0.331055	0.582031	614	170	678	298
p2_chestArmor_norm_set_11_DH_M_icon	0.133789	0.332031	0.165039	0.582031	274	170	338	298
p2_chestArmor_norm_set_11_wiz_M_icon	0.966797	0.003906	0.998047	0.253906	1980	2	2044	130
p2_chestArmor_norm_set_11_wiz_F_icon	0.000977	0.332031	0.032227	0.582031	2	170	66	298
p2_chestArmor_norm_set_11_monk_M_icon	0.034180	0.332031	0.065430	0.582031	70	170	134	298
p2_chestArmor_norm_set_11_monk_F_icon	0.067383	0.332031	0.098633	0.582031	138	170	202	298
p2_chestArmor_norm_set_11_WD_M_icon	0.100586	0.332031	0.131836	0.582031	206	170	270	298
p2_chestArmor_norm_set_11_WD_F_icon	0.067383	0.589844	0.098633	0.839844	138	302	202	430
p2_chestArmor_norm_set_11_cdr_M_icon	0.166992	0.332031	0.198242	0.582031	342	170	406	298
p2_chestArmor_norm_set_06_cdr_M_icon	0.200195	0.332031	0.231445	0.582031	410	170	474	298
p3_chestArmor_norm_set_04_WD_M	0.233398	0.332031	0.264648	0.582031	478	170	542	298
p3_chestArmor_norm_set_04_WD_F	0.266602	0.332031	0.297852	0.582031	546	170	610	298
p4_chestArmor_norm_set_15_barb_icon	0.882813	0.003906	0.922852	0.324219	1808	2	1890	166
p4_chestArmor_norm_set_15_dh_icon	0.840820	0.003906	0.880859	0.324219	1722	2	1804	166
p4_chestArmor_norm_set_15_monk_icon	0.798828	0.003906	0.838867	0.324219	1636	2	1718	166
p4_chestArmor_norm_set_15_wd_icon	0.756836	0.003906	0.796875	0.324219	1550	2	1632	166
p4_chestArmor_norm_set_15_wiz_icon	0.714844	0.003906	0.754883	0.324219	1464	2	1546	166
p4_chestArmor_norm_set_15_cdr_icon	0.672852	0.003906	0.712891	0.324219	1378	2	1460	166
p6_chestArmor_norm_base_02_NM_icon	0.499023	0.332031	0.530273	0.582031	1022	170	1086	298
p6_chestArmor_norm_base_02_NM_F_icon	0.532227	0.332031	0.563477	0.582031	1090	170	1154	298
p6_chestArmor_norm_base_03_NM_icon	0.565430	0.332031	0.596680	0.582031	1158	170	1222	298
p6_chestArmor_norm_base_03_NM_F_icon	0.598633	0.332031	0.629883	0.582031	1226	170	1290	298
p6_chestArmor_norm_base_06_NM_icon	0.631836	0.332031	0.663086	0.582031	1294	170	1358	298
p6_chestArmor_nightmare_base_01_NM_icon	0.665039	0.332031	0.696289	0.582031	1362	170	1426	298
p6_chestArmor_nightmare_base_01_NM_F_icon	0.698242	0.332031	0.729492	0.582031	1430	170	1494	298
p6_chestArmor_hell_base_01_NM_icon	0.731445	0.332031	0.762695	0.582031	1498	170	1562	298
p6_chestArmor_hell_base_03_NM_icon	0.764648	0.332031	0.795898	0.582031	1566	170	1630	298
p6_chestArmor_hell_base_07_NM_icon	0.797852	0.332031	0.829102	0.582031	1634	170	1698	298
p6_chestArmor_hell_base_08_NM_icon	0.831055	0.332031	0.862305	0.582031	1702	170	1766	298
p6_chestArmor_norm_set_17_NM_icon	0.864258	0.332031	0.895508	0.582031	1770	170	1834	298
p6_chestArmor_norm_set_18_nm_icon	0.897461	0.332031	0.928711	0.582031	1838	170	1902	298
p6_chestArmor_norm_set_19_nm_icon	0.930664	0.332031	0.961914	0.582031	1906	170	1970	298
p6_chestArmor_norm_set_20_nm_icon	0.963867	0.332031	0.995117	0.582031	1974	170	2038	298
p6_chestArmor_norm_set_21_nm_icon	0.000977	0.589844	0.032227	0.839844	2	302	66	430
p6_chestArmor_norm_set_22_nm_icon	0.034180	0.589844	0.065430	0.839844	70	302	134	430
p6_chestArmor_Hell_Base_03_Necro_icon	0.924805	0.003906	0.964844	0.324219	1894	2	1976	166
p67_chestArmor_cdrM_season_set_01_icon	0.100586	0.589844	0.131836	0.839844	206	302	270	430
p67_chestArmor_cdrF_season_set_01_icon	0.133789	0.589844	0.165039	0.839844	274	302	338	430
p67_chestArmor_monkM_season_set_01_icon	0.166992	0.589844	0.198242	0.839844	342	302	406	430
p67_chestArmor_monkF_season_set_01_icon	0.200195	0.589844	0.231445	0.839844	410	302	474	430
